"Date","Facebook","Pinterest","YouTube","Twitter","Google+","Instagram","LinkedIn","Tumblr","reddit","VKontakte","Other"
2018-01,93.2,4.1,1.21,1.28,0.06,0.03,0.07,0.02,0.02,0.01,0.01
2018-02,91.4,5,1.75,1.44,0.1,0.09,0.15,0.03,0.03,0.01,0.01
2018-03,90.5,5.37,1.88,1.78,0.13,0.09,0.18,0.03,0.02,0.01,0.01
2018-04,91.48,5.43,1.58,1.13,0.13,0.08,0.13,0.01,0.01,0.01,0.01
2018-05,93.92,2.99,1.55,1.18,0.17,0.08,0.08,0.01,0.01,0.01,0.01
2018-06,93.72,3.27,1.7,0.96,0.18,0.06,0.03,0.03,0.01,0.04,0
2018-07,93.68,2.93,1.81,1.21,0.18,0.08,0.03,0.02,0.02,0.03,0
2018-08,92.32,3.29,2.35,1.63,0.2,0.07,0.07,0.01,0.01,0.03,0
2018-09,90.96,4.12,2.84,1.55,0.27,0.14,0.04,0.04,0.01,0.02,0
2018-10,85.46,5.26,3.35,5.07,0.15,0.26,0.34,0.07,0.03,0.01,0.01
2018-11,90.6,3.69,2.66,2.24,0.07,0.55,0.08,0.04,0.01,0.02,0.03
2018-12,92.46,3.08,1.6,2.16,0.04,0.34,0.22,0.03,0.04,0.01,0.02
