Date,Facebook,Pinterest,YouTube,Twitter,Google+,Instagram,LinkedIn,Tumblr,reddit,VKontakte,Other
2018-01,93.2,4.1,1.21,1.28,0.06,0.03,0.07,0.02,0.02,0.01,0.01
2018-02,91.4,5.0,1.75,1.44,0.1,0.09,0.15,0.03,0.03,0.01,0.01
2018-03,90.5,5.37,1.88,1.78,0.13,0.09,0.18,0.03,0.02,0.01,0.01
2018-04,91.48,5.43,1.58,1.13,0.13,0.08,0.13,0.01,0.01,0.01,0.01
2018-05,93.92,2.99,1.55,1.18,0.17,0.08,0.08,0.01,0.01,0.01,0.01
2018-06,93.72,3.27,1.7,0.96,0.18,0.06,0.03,0.03,0.01,0.04,0.0
2018-07,93.68,2.93,1.81,1.21,0.18,0.08,0.03,0.02,0.02,0.03,0.0
2018-08,92.32,3.29,2.35,1.63,0.2,0.07,0.07,0.01,0.01,0.03,0.0
2018-09,90.96,4.12,2.84,1.55,0.27,0.14,0.04,0.04,0.01,0.02,0.0
2018-10,85.46,5.26,3.35,5.07,0.15,0.26,0.34,0.07,0.03,0.01,0.01
2018-11,90.6,3.69,2.66,2.24,0.07,0.55,0.08,0.04,0.01,0.02,0.03
2018-12,92.46,3.08,1.6,2.16,0.04,0.34,0.22,0.03,0.04,0.01,0.02
2019-01,91.66,3.63,1.37,2.65,0.05,0.49,0.04,0.04,0.02,0.03,0.01
2019-02,91.22,3.77,1.56,2.73,0.05,0.59,0.02,0.01,0.02,0.01,0.0
2019-03,93.03,3.52,1.04,1.52,0.02,0.81,0.02,0.01,0.01,0.01,0.0
2019-04,92.4,4.23,1.14,1.46,0.0,0.72,0.01,0.01,0.01,0.01,0.0
2019-05,93.67,3.65,0.93,1.26,0.0,0.44,0.01,0.02,0.01,0.01,0.0
2019-06,91.97,4.45,1.16,1.92,0.0,0.41,0.02,0.03,0.03,0.01,0.0
2019-07,92.65,3.74,1.01,1.93,0.0,0.63,0.02,0.01,0.01,0.01,0.0
2019-08,92.73,3.62,0.91,1.67,0.0,1.01,0.01,0.02,0.01,0.01,0.0
2019-09,92.5,4.25,1.05,1.37,0.0,0.77,0.02,0.02,0.0,0.02,0.0
2019-10,89.48,5.21,1.3,2.26,0.0,1.7,0.02,0.01,0.01,0.02,0.0
2019-11,86.37,7.76,1.38,2.19,0.0,2.25,0.02,0.01,0.01,0.01,0.0
2019-12,66.14,20.44,3.41,5.44,0.0,4.44,0.06,0.03,0.03,0.02,0.0
2020-01,73.04,16.66,2.36,4.09,,3.73,0.05,0.03,0.03,0.01,0.0
2020-02,72.24,16.68,2.47,4.23,,4.08,0.09,0.1,0.1,0.0,0.01
2020-03,80.28,9.92,2.07,3.75,,3.91,0.03,0.01,0.01,0.01,0.0
2020-04,73.22,12.05,4.07,6.06,,4.4,0.05,0.05,0.02,0.07,0.01
2020-05,82.27,10.27,3.46,2.58,,1.25,0.05,0.06,0.05,0.02,0.01
2020-06,82.3,10.35,3.4,2.68,,1.09,0.07,0.03,0.03,0.04,0.0
2020-07,82.62,10.87,3.17,2.16,,1.06,0.05,0.03,0.02,0.03,0.0
2020-08,81.96,11.04,3.43,2.16,,1.22,0.09,0.03,0.03,0.03,0.01
2020-09,78.03,14.06,4.17,2.81,,0.7,0.11,0.03,0.04,0.05,0.01
2020-10,89.01,7.35,1.7,1.49,,0.35,0.04,0.03,0.01,0.02,0.0
2020-11,84.29,8.99,2.05,4.02,,0.53,0.04,0.02,0.03,0.02,0.0
2020-12,85.56,8.26,1.7,3.81,,0.44,0.07,0.01,0.15,0.01,0.0
