"Date","Facebook","Twitter","Pinterest","LinkedIn","Tumblr","Google+","VKontakte","YouTube","reddit","StumbleUpon","Fark","Other"
2016-01,98.3,0.84,0.34,0.06,0.09,0.15,0.05,0.13,0.02,0.01,0,0
2016-02,97.78,1.27,0.43,0.08,0.1,0.15,0.11,0.02,0.04,0.01,0,0
2016-03,92.86,4.37,1.03,0.26,0.46,0.41,0.42,0.06,0.08,0.03,0.01,0.01
2016-04,91.98,4.54,1.23,0.34,0.66,0.38,0.59,0.1,0.09,0.06,0.01,0.01
2016-05,91.88,4.7,1.31,0.2,0.58,0.42,0.61,0.14,0.08,0.05,0.01,0.01
2016-06,93.61,3.68,1.2,0.21,0.53,0.33,0.18,0.1,0.07,0.07,0.01,0.01
2016-07,94.75,2.93,1.13,0.41,0.39,0.22,0.01,0.03,0.05,0.05,0.03,0
2016-08,93.14,3.52,1.8,0.47,0.33,0.5,0.06,0.06,0.04,0.04,0.04,0
2016-09,93.88,2.26,2.6,0.5,0.24,0.22,0.19,0.04,0.04,0.02,0.01,0
2016-10,96.04,1.29,1.8,0.3,0.14,0.13,0.17,0.06,0.02,0.02,0.01,0.01
2016-11,96.37,1,2.05,0.18,0.1,0.14,0.01,0.08,0.01,0.01,0.02,0.03
2016-12,96.58,1.04,1.92,0.21,0.08,0.09,0,0.02,0.02,0.01,0.01,0.03
